p0: 0.997151
p1: 0.9947644
p2: 0.98870056
p3: 0.9787234
