p0: 0.997151
p1: 0.9947644
