p0: 0.3277794919
p1: 0.37950262
