p0: 0.997151
p1: 0.9947644
p2: 0.98870056
p3: 0.9787234
p4: 0.95402299
p5: 0.92307692
p6: 0.78125
p7: 0.546875
