p0: 0.3277794919
p1: 0.37950262
p2: 0.0240549828
p3: 0.6648697215
p4: 0.1782019687
p5: 0.05154733
p6: 0.1183068
p7: 0.813732581
